N-Queens Timings
================

Hardware: 2.7Ghz Intel Core i7

Number of Solutions
-------------------
17	95815104
16	14772512
15	 2279184
14	  365596
13	   73712
12	   14200
11	    2680
10	     724
 9	     352
 8	      92

C timings (stack)
-----------------
17	117.775
16	 16.340
15	  2.576
14	  0.463
13	  0.074
12	  0.021

Go timings (stack)
------------------
17	189.509
16	 27.262
15	  4.083
14	  0.647
13	  0.121
12	  0.031

Python timings (best)
---------------------
14	 54.731
13	  8.889
12	  1.587
11	  0.288
10	  0.063
9	  0.013
8	  0.004

Python timings (simplest)
-------------------------
11	137.318
10	 12.101
 9	  1.148
 8	  0.116
 7	  0.014
 6	  0.002



